[[133, 1, 374],  
[141, 2, 748], 
[144, 1, 374], 
[146, 1, 374], 
[147, 1, 374], 
[148, 2, 748], 
[150, 4, 1496], 
[151, 2, 748], 
[152, 1, 374], 
[153, 5, 1870], 
[154, 4, 1496], 
[155, 6, 2244], 
[156, 6, 2244], 
[157, 6, 2244], 
[158, 8, 2992], 
[159, 6, 2244], 
[160, 4, 1496], 
[161, 11, 4115], 
[162, 13, 4863], 
[163, 9, 3367], 
[164, 12, 4489], 
[165, 11, 4115], 
[166, 23, 8604], 
[167, 16, 5985], 
[168, 18, 6734], 
[169, 16, 5985], 
[170, 23, 8604], 
[171, 21, 7856], 
[172, 33, 12345], 
[173, 33, 12345], 
[174, 24, 8978], 
[175, 35, 13093], 
[176, 25, 9352], 
[177, 33, 12345], 
[178, 34, 12719], 
[179, 41, 15338], 
[180, 38, 14216], 
[181, 46, 17209], 
[182, 44, 16460], 
[183, 57, 21324], 
[184, 63, 23569], 
[185, 50, 18705], 
[186, 55, 20576], 
[187, 63, 23569], 
[188, 52, 19453], 
[189, 55, 20576], 
[190, 53, 19827], 
[191, 57, 21324], 
[192, 74, 27684], 
[193, 59, 22072], 
[194, 45, 16835], 
[195, 63, 23569], 
[196, 69, 25813], 
[197, 50, 18705], 
[198, 54, 20202], 
[199, 69, 25813], 
[200, 36, 13468], 
[201, 59, 22072], 
[202, 48, 17957], 
[203, 58, 21698], 
[204, 43, 16086], 
[205, 37, 13842], 
[206, 40, 14964], 
[207, 43, 16086], 
[208, 53, 19827], 
[209, 45, 16835], 
[210, 30, 11223], 
[211, 30, 11223], 
[212, 68, 25439], 
[213, 39, 14590], 
[214, 35, 13093], 
[215, 34, 12719], 
[216, 35, 13093], 
[217, 34, 12719], 
[218, 33, 12345], 
[219, 29, 10849], 
[220, 30, 11223], 
[221, 22, 8230], 
[222, 24, 8978], 
[223, 14, 5237], 
[224, 16, 5985], 
[225, 14, 5237], 
[226, 18, 6734], 
[227, 16, 5985], 
[228, 11, 4115], 
[229, 5, 1870], 
[230, 12, 4489], 
[231, 7, 2618], 
[232, 6, 2244], 
[233, 7, 2618], 
[234, 6, 2244], 
[235, 6, 2244], 
[236, 4, 1496], 
[237, 2, 748], 
[238, 1, 374], 
[239, 4, 1496], 
[240, 3, 1122], 
[241, 2, 748], 
[242, 1, 374], 
[243, 2, 748], 
[245, 2, 748], 
[247, 1, 374], 
[249, 1, 374]]


